[{"id":0,"img_name":"DSCF5565","width":3118,"height":2078,"position":[-3.7212285514226,1.98307052316642,-0.294185645088026],"rotation":[[0.456920533755307,-0.23930622827978,0.85671241087034],[0.639268405842538,0.758052078295439,-0.129201206973875],[-0.618513970031644,0.606703861614933,0.499350471289677]],"fy":3222.70107975924,"fx":3222.70107975924},{"id":1,"img_name":"DSCF5573","width":3118,"height":2078,"position":[-3.00017763443816,0.323550700341355,-1.99815052419249],"rotation":[[0.572941814541884,-0.551857804994933,0.605962573279595],[0.552704324899778,0.806085813515019,0.211526807962752],[-0.605190553781645,0.213725581800599,0.766854464222163]],"fy":3222.70107975924,"fx":3222.70107975924},{"id":2,"img_name":"DSCF5581","width":3118,"height":2078,"position":[-2.60121159188278,1.81721648488859,-2.28126042008844],"rotation":[[0.766459759872931,-0.299565843559413,0.568154681286765],[0.415386183256792,0.905874618386705,-0.0827375037216901],[-0.48989157499888,0.299418571794201,0.818751954873903]],"fy":3222.70107975924,"fx":3222.70107975924},{"id":3,"img_name":"DSCF5589","width":3118,"height":2078,"position":[-1.69579128404478,3.11964820018344,-2.27959655831267],"rotation":[[0.917577459297977,-0.128125069405012,0.376345018272104],[0.266212821660104,0.901093796609983,-0.342287457109916],[-0.295266557151391,0.414263124476422,0.860931892734261]],"fy":3222.70107975924,"fx":3222.70107975924},{"id":4,"img_name":"DSCF5597","width":3118,"height":2078,"position":[-1.30482284916614,1.22398719565635,-3.0985434548884],"rotation":[[0.936743134502817,-0.231867010854848,0.262202191522259],[0.213784878348123,0.972160189273583,0.0959197173746348],[-0.277143150287926,-0.0337972730969423,0.960234043647534]],"fy":3222.70107975924,"fx":3222.70107975924},{"id":5,"img_name":"DSCF5605","width":3118,"height":2078,"position":[-0.727131617306508,2.384356775762,-2.69502899340793],"rotation":[[0.967705245939094,-0.145054587496664,0.206169162650796],[0.185465682348541,0.963597112078838,-0.192569691967125],[-0.170730892497369,0.224588005555719,0.959380628378308]],"fy":3222.70107975924,"fx":3222.70107975924},{"id":6,"img_name":"DSCF5613","width":3118,"height":2078,"position":[0.350273165035437,3.51408328418235,-2.57271921975559],"rotation":[[0.995880008064389,-0.01857769770011,-0.0887574148217237],[-0.0195231228769713,0.911910280837346,-0.409924977741395],[0.0885542613926788,0.409968912054702,0.907790523159325]],"fy":3222.70107975924,"fx":3222.70107975924},{"id":7,"img_name":"DSCF5621","width":3118,"height":2078,"position":[0.196745339934215,1.74249394457652,-3.1319215686243],"rotation":[[0.999380367777207,0.0279101608136702,-0.0214453590515504],[-0.0279462134336712,0.999608471266623,-0.00138323053919848],[0.0213983563904928,0.00198169002620118,0.999769064958716]],"fy":3222.70107975924,"fx":3222.70107975924},{"id":8,"img_name":"DSCF5629","width":3118,"height":2078,"position":[1.19826353078274,2.60833418351531,-2.78742052080665],"rotation":[[0.975564698379627,0.0667695480569724,-0.209321156904252],[-0.117583552564194,0.963454028732955,-0.240687437737456],[0.185600720477724,0.259418892855756,0.947762739607146]],"fy":3222.70107975924,"fx":3222.70107975924},{"id":9,"img_name":"DSCF5637","width":3118,"height":2078,"position":[2.21702700784694,2.64355191866768,-2.01974280854306],"rotation":[[0.875004452643488,0.169950739389875,-0.45330337968617],[-0.302703966257695,0.922804948006839,-0.238330310170476],[0.37780618929013,0.345756813548092,0.85890320130917]],"fy":3222.70107975924,"fx":3222.70107975924},{"id":10,"img_name":"DSCF5645","width":3118,"height":2078,"position":[1.94161971512563,0.837962301070498,-2.23191137416367],"rotation":[[0.806568934855701,0.437720627346888,-0.397299893935031],[-0.40558382456586,0.898716538667184,0.166764337844175],[0.430056176070371,0.0266314761348877,0.902409247460711]],"fy":3222.70107975924,"fx":3222.70107975924},{"id":11,"img_name":"DSCF5653","width":3118,"height":2078,"position":[2.84081322251675,1.83501326518184,-1.45022226519484],"rotation":[[0.674664900205411,0.312352482795783,-0.668777391156529],[-0.479182752586132,0.874508186366372,-0.0749621344558428],[0.561436694610176,0.371040912123594,0.739673900766879]],"fy":3222.70107975924,"fx":3222.70107975924},{"id":12,"img_name":"DSCF5661","width":3118,"height":2078,"position":[3.54059326427658,2.09780156937583,-0.430612517441102],"rotation":[[0.492164783099453,0.174390826917157,-0.85285500864087],[-0.550804837513097,0.821049845322524,-0.149970605346616],[0.674082975047464,0.543566914908376,0.500147130120878]],"fy":3222.70107975924,"fx":3222.70107975924},{"id":13,"img_name":"DSCF5669","width":3118,"height":2078,"position":[3.59773288455491,0.562603446663477,-0.918454207943218],"rotation":[[0.314101317184357,0.601315388572482,-0.734683718350269],[-0.613813360937677,0.718980366924069,0.326037405694691],[0.724274478687082,0.348549903806695,0.594928099923763]],"fy":3222.70107975924,"fx":3222.70107975924},{"id":14,"img_name":"DSCF5677","width":3118,"height":2078,"position":[3.50983414927049,0.18637305137781,-0.362134006521297],"rotation":[[0.0942295218680065,0.607920894995638,-0.788386315606904],[-0.669865584039453,0.624547871176975,0.401522173643985],[0.736478714239596,0.490277617310856,0.466076132660728]],"fy":3222.70107975924,"fx":3222.70107975924},{"id":15,"img_name":"DSCF5685","width":3118,"height":2078,"position":[4.07606119938837,1.29031094274039,0.654611901961883],"rotation":[[0.0759137904724299,0.207415738767945,-0.975302931261593],[-0.61674858075427,0.778337787444198,0.117522239487102],[0.78349108773087,0.592595139996792,0.187009934224042]],"fy":3222.70107975924,"fx":3222.70107975924},{"id":16,"img_name":"DSCF5693","width":3118,"height":2078,"position":[4.20457913787704,-0.10920823362283,0.637653270726539],"rotation":[[-0.123640395216809,0.475689548287084,-0.870880305392803],[-0.648700693768461,0.625379994336563,0.43369029570411],[0.750933061314355,0.618562297860151,0.231257910331779]],"fy":3222.70107975924,"fx":3222.70107975924},{"id":17,"img_name":"DSCF5701","width":3118,"height":2078,"position":[3.17216247443559,-1.23904202923246,0.384937888663096],"rotation":[[-0.428112318711067,0.621747134353856,-0.655858478248625],[-0.626413002006717,0.318948331687485,0.711251511513826],[0.651403556549062,0.715333812032214,0.252924779091917]],"fy":3222.70107975924,"fx":3222.70107975924},{"id":18,"img_name":"DSCF5709","width":3118,"height":2078,"position":[3.88869923736759,-0.61505144078491,1.99270828250459],"rotation":[[-0.474317014051477,0.310087639790353,-0.823935085932466],[-0.594315240241322,0.577673250456221,0.559538212210966],[0.649471142852545,0.755075672602815,-0.0897104411159374]],"fy":3222.70107975924,"fx":3222.70107975924},{"id":19,"img_name":"DSCF5717","width":3118,"height":2078,"position":[3.45896402624919,-1.07884073874342,2.81137740289642],"rotation":[[-0.702638200116575,0.240696135880056,-0.669600574902195],[-0.476941270268397,0.539037996894965,0.6942370363343],[0.528040324645484,0.807157610430499,-0.263950767137393]],"fy":3222.70107975924,"fx":3222.70107975924},{"id":20,"img_name":"DSCF5725","width":3118,"height":2078,"position":[2.59234057046873,-2.34994220260154,1.52665793289638],"rotation":[[-0.870696189712924,0.303332474441444,-0.387140226750756],[-0.357590018762312,0.149988241213345,0.921755339544771],[0.337664809687011,0.941006342936624,-0.0221255248994684]],"fy":3222.70107975924,"fx":3222.70107975924},{"id":21,"img_name":"DSCF5733","width":3118,"height":2078,"position":[2.24610074648056,-2.28639902688507,2.9368900618162],"rotation":[[-0.927269057228878,0.138197821101902,-0.347956114687691],[-0.273277403082125,0.38543332117837,0.881340238438085],[0.255913181509973,0.912328075402757,-0.319634050691326]],"fy":3222.70107975924,"fx":3222.70107975924},{"id":22,"img_name":"DSCF5741","width":3118,"height":2078,"position":[1.39917606570491,-1.77785618587852,4.00874294954373],"rotation":[[-0.986031664941945,0.0331251803019458,-0.163230751274931],[-0.120659416099226,0.533516264864239,0.837138997079879],[0.114816640947246,0.845140886216774,-0.522067066004279]],"fy":3222.70107975924,"fx":3222.70107975924},{"id":23,"img_name":"DSCF5749","width":3118,"height":2078,"position":[0.862035189420847,-2.49531359019502,2.30951337961365],"rotation":[[-0.998953183247972,-0.00496856973140232,-0.0454736296502448],[-0.0457189947295938,0.141479936649027,0.988884826987806],[0.00152026302290333,0.989928654419404,-0.141558991094631]],"fy":3222.70107975924,"fx":3222.70107975924},{"id":24,"img_name":"DSCF5757","width":3118,"height":2078,"position":[-0.347522611021701,-2.34664759254792,2.62476140168687],"rotation":[[-0.932610106550496,-0.250782285848866,0.259512300795722],[0.172690444331112,0.321306753512656,0.931096117800885],[-0.316885467632384,0.91316494416484,-0.25634622125522]],"fy":3222.70107975924,"fx":3222.70107975924},{"id":25,"img_name":"DSCF5765","width":3118,"height":2078,"position":[-1.27189864554751,-1.72012940050125,3.72399086927338],"rotation":[[-0.845736406517727,-0.158126614023567,0.509633107860864],[0.329529918466635,0.596421013019404,0.731909836020996],[-0.419690318599148,0.786942151092664,-0.452307514096102]],"fy":3222.70107975924,"fx":3222.70107975924},{"id":26,"img_name":"DSCF5773","width":3118,"height":2078,"position":[-1.28454415236777,-2.45794356730137,1.97876751303254],"rotation":[[-0.810001353458943,-0.385782644784556,0.441666795647707],[0.374308566959396,0.239655319706216,0.895800437841663],[-0.451432059224291,0.890919232433302,-0.049719384398558]],"fy":3222.70107975924,"fx":3222.70107975924},{"id":27,"img_name":"DSCF5781","width":3118,"height":2078,"position":[-2.05175227378684,-1.88093461554411,1.71881304669935],"rotation":[[-0.581702602531448,-0.478697143796402,0.657625369590702],[0.512185404167034,0.41251002870534,0.753327012641769],[-0.631892549383511,0.775038399525267,0.00522353280074591]],"fy":3222.70107975924,"fx":3222.70107975924},{"id":28,"img_name":"DSCF5789","width":3118,"height":2078,"position":[-2.9226301898266,-0.686596052969302,2.60017322402895],"rotation":[[-0.517050764918814,-0.210978659830052,0.829545967136954],[0.573522301856217,0.634031051853029,0.518726126737114],[-0.635398045142111,0.743970853180726,-0.206825273714618]],"fy":3222.70107975924,"fx":3222.70107975924},{"id":29,"img_name":"DSCF5797","width":3118,"height":2078,"position":[-2.7237530014395,-1.42993587580918,1.24575960271063],"rotation":[[-0.456374435294726,-0.532710733389798,0.71270025209812],[0.554702766096188,0.455946954379784,0.696000873618013],[-0.695720645154834,0.712973806898335,0.0874135835110259]],"fy":3222.70107975924,"fx":3222.70107975924},{"id":30,"img_name":"DSCF5805","width":3118,"height":2078,"position":[-2.89529403896421,-1.12766126895708,0.79777305912059],"rotation":[[-0.290563669876013,-0.521382688395585,0.8023296367389],[0.608772976760623,0.546182158783911,0.575395961223363],[-0.738219626204962,0.655625763425705,0.15870299876898]],"fy":3222.70107975924,"fx":3222.70107975924},{"id":31,"img_name":"DSCF5813","width":3118,"height":2078,"position":[-3.62967694545068,0.440034588757456,1.0751251263721],"rotation":[[-0.00830775172985911,-0.327329924765247,0.944873590283045],[0.651568247123517,0.715006181273488,0.253426478650301],[-0.758544527764575,0.617755033240427,0.20733769147103]],"fy":3222.70107975924,"fx":3222.70107975924},{"id":32,"img_name":"DSCF5821","width":3118,"height":2078,"position":[-3.16292080789094,-0.648326914320054,-0.170250226916879],"rotation":[[0.0824097611118608,-0.616857055719497,0.782749004523519],[0.631144898473978,0.640146294373294,0.438028354025641],[-0.771274755456029,0.457930228975129,0.442080487000985]],"fy":3222.70107975924,"fx":3222.70107975924},{"id":33,"img_name":"DSCF5829","width":3118,"height":2078,"position":[-3.25336674113921,0.0914133716229898,-0.390514636641806],"rotation":[[0.222510874867015,-0.475842473817749,0.850918827313699],[0.652795234706683,0.720980451516039,0.23247703128691],[-0.724118285993498,0.503747087974445,0.471053690408115]],"fy":3222.70107975924,"fx":3222.70107975924},{"id":34,"img_name":"DSCF5837","width":3118,"height":2078,"position":[-3.23503314381653,1.50906313986712,-0.347455141501236],"rotation":[[0.442309700524452,-0.360002979133857,0.821437754085309],[0.646039848928055,0.763186201388379,-0.0133916245240163],[-0.622088934493281,0.536604767985827,0.570140930433775]],"fy":3222.70107975924,"fx":3222.70107975924},{"id":35,"img_name":"DSCF5845","width":3118,"height":2078,"position":[-2.7071461176836,-0.138880501549746,-1.30647055805756],"rotation":[[0.483317688950375,-0.600907601700647,0.636642808618809],[0.522551193660635,0.781483812962178,0.340915385516615],[-0.702384696268017,0.167908023323702,0.691709934981429]],"fy":3222.70107975924,"fx":3222.70107975924},{"id":36,"img_name":"DSCF5853","width":3118,"height":2078,"position":[-2.22515081653314,-1.81538534048267,0.233581645936166],"rotation":[[-0.508338290386433,-0.58908470273657,0.628149182542464],[0.659926961052161,0.202142475927253,0.723626164191469],[-0.553252734835949,0.782379468306631,0.28599611705192]],"fy":3222.70107975924,"fx":3222.70107975924},{"id":37,"img_name":"DSCF5566","width":3118,"height":2078,"position":[-3.70208030640831,1.87942208929605,-0.399101098395903],"rotation":[[0.471841869481305,-0.258345626146984,0.842984452795607],[0.62483719083491,0.772536960859894,-0.112982870626021],[-0.622048016759097,0.580038086297858,0.525939239161706]],"fy":3222.70107975924,"fx":3222.70107975924},{"id":38,"img_name":"DSCF5567","width":3118,"height":2078,"position":[-3.65513554536629,1.64944980100991,-0.644314993024306],"rotation":[[0.487888172334041,-0.283644323986313,0.825536812484396],[0.604506023202514,0.79203925802492,-0.085125094180368],[-0.629712314639336,0.540573502141644,0.55789128831152]],"fy":3222.70107975924,"fx":3222.70107975924},{"id":39,"img_name":"DSCF5568","width":3118,"height":2078,"position":[-3.6178516149767,1.42681783309523,-0.94075617488288],"rotation":[[0.48608906519309,-0.34096668597982,0.804648457248037],[0.601309646812607,0.798630019896487,-0.0248354579227936],[-0.634148349638951,0.49591512416146,0.593231877328013]],"fy":3222.70107975924,"fx":3222.70107975924},{"id":40,"img_name":"DSCF5569","width":3118,"height":2078,"position":[-3.57385274873719,1.17989078524236,-1.19728677312264],"rotation":[[0.494449621498203,-0.395824096788285,0.773849375655251],[0.583308354247732,0.811153744601606,0.0422014985941968],[-0.644415188884531,0.430526290742542,0.631962164464284]],"fy":3222.70107975924,"fx":3222.70107975924},{"id":41,"img_name":"DSCF5570","width":3118,"height":2078,"position":[-3.50379558593587,0.952729592705444,-1.40010754634844],"rotation":[[0.507505342665419,-0.456175094631445,0.730987421371974],[0.572889222549683,0.812326763908566,0.109193256771002],[-0.64361189070159,0.363358654329067,0.673597967983644]],"fy":3222.70107975924,"fx":3222.70107975924},{"id":42,"img_name":"DSCF5571","width":3118,"height":2078,"position":[-3.34173730095032,0.711818565131981,-1.6446872360546],"rotation":[[0.512004965793594,-0.478145075232807,0.713602271600444],[0.574244136634296,0.808357933764094,0.12961914388614],[-0.63882281310535,0.343416275023851,0.688455282138869]],"fy":3222.70107975924,"fx":3222.70107975924},{"id":43,"img_name":"DSCF5572","width":3118,"height":2078,"position":[-3.16353182762364,0.514029652106322,-1.82659577220903],"rotation":[[0.539175797422691,-0.527990931003128,0.656136446367717],[0.565170660449621,0.80444217845114,0.182906823535163],[-0.624396976322392,0.272210136305087,0.732140736233288]],"fy":3222.70107975924,"fx":3222.70107975924},{"id":44,"img_name":"DSCF5574","width":3118,"height":2078,"position":[-2.83726163506504,0.157507519002458,-2.14193929618645],"rotation":[[0.597507777136858,-0.570360056870823,0.563625639753269],[0.525312569788933,0.809483856659026,0.262264351047138],[-0.605830966757822,0.139374643801305,0.78329020700028]],"fy":3222.70107975924,"fx":3222.70107975924},{"id":45,"img_name":"DSCF5575","width":3118,"height":2078,"position":[-2.63732808650082,0.0445966211201243,-2.28894633397722],"rotation":[[0.681142498388516,-0.530622978883754,0.504464221892476],[0.473312336670018,0.84481127263828,0.249538264759653],[-0.558587798689712,0.0687980225284253,0.826587262937894]],"fy":3222.70107975924,"fx":3222.70107975924},{"id":46,"img_name":"DSCF5576","width":3118,"height":2078,"position":[-2.48793717799244,0.23142230462913,-2.41248752206929],"rotation":[[0.710883576649814,-0.489260769257473,0.505240972324251],[0.453750781890989,0.867923697658901,0.202036340729625],[-0.537359068391783,0.0856291697243763,0.838995159050056]],"fy":3222.70107975924,"fx":3222.70107975924},{"id":47,"img_name":"DSCF5577","width":3118,"height":2078,"position":[-2.46907903761236,0.533606085171388,-2.39914310448677],"rotation":[[0.738610625032394,-0.445441711146244,0.506000026245416],[0.447653906033971,0.885298985840518,0.125903479230239],[-0.504043971297926,0.133519240714053,0.853294959177282]],"fy":3222.70107975924,"fx":3222.70107975924},{"id":48,"img_name":"DSCF5578","width":3118,"height":2078,"position":[-2.4983859518198,0.932506255444589,-2.38641112697571],"rotation":[[0.746706583934989,-0.416597544448467,0.518532316705185],[0.439097025171778,0.894297151010432,0.0861766103993421],[-0.499622937817544,0.163337355354288,0.850704313114982]],"fy":3222.70107975924,"fx":3222.70107975924},{"id":49,"img_name":"DSCF5579","width":3118,"height":2078,"position":[-2.56907516238463,1.29630719585694,-2.37331106350085],"rotation":[[0.750629485202114,-0.3671215569413,0.549342460013974],[0.420542557358793,0.906731816870873,0.0313268211628854],[-0.509607038212126,0.207507047357532,0.835009875331797]],"fy":3222.70107975924,"fx":3222.70107975924},{"id":50,"img_name":"DSCF5580","width":3118,"height":2078,"position":[-2.66238678207433,1.57166339636633,-2.34214696070269],"rotation":[[0.759405321595762,-0.328099495084353,0.561831183592927],[0.414224360962118,0.909724476176278,-0.0286278925407159],[-0.501718782105636,0.254464336933862,0.826756412077492]],"fy":3222.70107975924,"fx":3222.70107975924},{"id":51,"img_name":"DSCF5582","width":3118,"height":2078,"position":[-2.49619590506977,2.13166311935274,-2.19032478433385],"rotation":[[0.798387727436448,-0.244348737552661,0.550336925106143],[0.382572170902266,0.911627492921933,-0.15024595901387],[-0.464989860889451,0.330498121939129,0.821313229325279]],"fy":3222.70107975924,"fx":3222.70107975924},{"id":52,"img_name":"DSCF5583","width":3118,"height":2078,"position":[-2.42973080567447,2.38267406475013,-2.11865538792194],"rotation":[[0.819529338223907,-0.190659239187946,0.540389413573729],[0.362507980799057,0.902841974653612,-0.231223555591893],[-0.443801338041331,0.385389962655802,0.809020981827347]],"fy":3222.70107975924,"fx":3222.70107975924},{"id":53,"img_name":"DSCF5584","width":3118,"height":2078,"position":[-2.41183887940502,2.66264951016981,-1.96643306011603],"rotation":[[0.828649247791842,-0.173027203320826,0.532355154990526],[0.347456504681079,0.904630130365361,-0.246816337769518],[-0.438878572601604,0.389494434037411,0.809740504337689]],"fy":3222.70107975924,"fx":3222.70107975924},{"id":54,"img_name":"DSCF5585","width":3118,"height":2078,"position":[-2.48704577709903,2.85652506988606,-1.80577704669169],"rotation":[[0.839090443929108,-0.15157555112278,0.522448159350454],[0.344853475382783,0.890974239539802,-0.295365849401869],[-0.420717610070304,0.428006725155454,0.799879325772604]],"fy":3222.70107975924,"fx":3222.70107975924},{"id":55,"img_name":"DSCF5586","width":3118,"height":2078,"position":[-2.45434865886914,3.02696577784861,-1.78166811728548],"rotation":[[0.855906820037262,-0.117792510217483,0.503535937099197],[0.334229729726727,0.869015634667713,-0.364831898920408],[-0.394606136775014,0.480558790617481,0.783166167284927]],"fy":3222.70107975924,"fx":3222.70107975924},{"id":56,"img_name":"DSCF5587","width":3118,"height":2078,"position":[-2.17288557991876,3.16546013398333,-1.87010729716008],"rotation":[[0.877473098526682,-0.11101057458835,0.466602200692997],[0.318030870745048,0.862888947354719,-0.392783693381245],[-0.35902273829819,0.493051028659945,0.792466628018013]],"fy":3222.70107975924,"fx":3222.70107975924},{"id":57,"img_name":"DSCF5588","width":3118,"height":2078,"position":[-1.9080024642364,3.20529621984014,-2.04274398407657],"rotation":[[0.910917077290011,-0.113115924897126,0.396780626840691],[0.274474935870905,0.88415147765896,-0.378073635859658],[-0.308048028528161,0.453300068484603,0.836436166142861]],"fy":3222.70107975924,"fx":3222.70107975924},{"id":58,"img_name":"DSCF5590","width":3118,"height":2078,"position":[-1.64493284800844,2.9722855890685,-2.42753466809828],"rotation":[[0.921759999920366,-0.170332668274254,0.348346500865703],[0.273920840143342,0.921882147837091,-0.274045030669118],[-0.274455599108438,0.34802311362587,0.896411756114445]],"fy":3222.70107975924,"fx":3222.70107975924},{"id":59,"img_name":"DSCF5591","width":3118,"height":2078,"position":[-1.60850969260694,2.70397121269525,-2.60619800565627],"rotation":[[0.919634319868278,-0.185082732104313,0.346434842354536],[0.273834706283247,0.934436663480029,-0.227689867097944],[-0.281579955528047,0.304257299371954,0.910022101063325]],"fy":3222.70107975924,"fx":3222.70107975924},{"id":60,"img_name":"DSCF5592","width":3118,"height":2078,"position":[-1.57232088305551,2.45948965143263,-2.75118377478965],"rotation":[[0.916321502072991,-0.205472608380908,0.343709051442997],[0.274399715873033,0.94731388378139,-0.165230752355057],[-0.291649962742149,0.245718157245584,0.924425706280574]],"fy":3222.70107975924,"fx":3222.70107975924},{"id":61,"img_name":"DSCF5593","width":3118,"height":2078,"position":[-1.55336285543497,2.20462505943245,-2.8909134319226],"rotation":[[0.919206671991752,-0.218323262252269,0.327710310068779],[0.265281592012991,0.958367829443672,-0.105625661780072],[-0.291006479489549,0.184027325815903,0.938855245630628]],"fy":3222.70107975924,"fx":3222.70107975924},{"id":62,"img_name":"DSCF5594","width":3118,"height":2078,"position":[-1.50883516443155,1.93653529291246,-2.99957166141621],"rotation":[[0.921475099699534,-0.227440439567222,0.314888054843628],[0.251593772876285,0.967097257547129,-0.0377288734883329],[-0.29594630270306,0.113990091210995,0.948378640112744]],"fy":3222.70107975924,"fx":3222.70107975924},{"id":63,"img_name":"DSCF5595","width":3118,"height":2078,"position":[-1.4154619212072,1.69245796063354,-3.02433332242644],"rotation":[[0.919679249148631,-0.242944207775972,0.308493420664876],[0.248198612291513,0.968442285658707,0.0227373746221179],[-0.304281986883841,0.0556565472900035,0.950954689352641]],"fy":3222.70107975924,"fx":3222.70107975924},{"id":64,"img_name":"DSCF5596","width":3118,"height":2078,"position":[-1.33200529295648,1.46122944621518,-3.04789346781658],"rotation":[[0.925683697694789,-0.241230152129852,0.291406426705917],[0.232039958800632,0.970447540629882,0.0662497426803641],[-0.298776085625847,0.00629162847139277,0.954302502390764]],"fy":3222.70107975924,"fx":3222.70107975924},{"id":65,"img_name":"DSCF5598","width":3118,"height":2078,"position":[-1.1898682503841,1.05575019913318,-3.10848280493716],"rotation":[[0.953203171452116,-0.206746471228439,0.220589234932752],[0.177751073829493,0.973443571907839,0.144264230021754],[-0.244557293258841,-0.09830314819931,0.964638907243541]],"fy":3222.70107975924,"fx":3222.70107975924},{"id":66,"img_name":"DSCF5599","width":3118,"height":2078,"position":[-0.928928116826266,0.971833952805853,-3.0763907706933],"rotation":[[0.968026809815042,-0.168771240628032,0.185581151564987],[0.148473883813022,0.981802562612805,0.118402845710763],[-0.202187045343635,-0.0870631746710653,0.975469324126293]],"fy":3222.70107975924,"fx":3222.70107975924},{"id":67,"img_name":"DSCF5600","width":3118,"height":2078,"position":[-0.713674434856332,1.14687231745448,-3.04773047419943],"rotation":[[0.979510597607609,-0.149429579334006,0.13501773955465],[0.142891528101536,0.988099285556442,0.0569369219369803],[-0.141918992285012,-0.0364774273066502,0.989205942625647]],"fy":3222.70107975924,"fx":3222.70107975924},{"id":68,"img_name":"DSCF5601","width":3118,"height":2078,"position":[-0.57951303362691,1.39946399747428,-2.99460636528786],"rotation":[[0.981093576139874,-0.132953700107377,0.14063679634019],[0.135162051723085,0.990803946183876,-0.00622575300385485],[-0.138515755894701,0.0251168042198172,0.990041681705727]],"fy":3222.70107975924,"fx":3222.70107975924},{"id":69,"img_name":"DSCF5602","width":3118,"height":2078,"position":[-0.557453800514925,1.64094598980001,-2.96044037928066],"rotation":[[0.978497088701437,-0.132642918231626,0.157953485703263],[0.143410457833127,0.987915323402087,-0.0587941695361331],[-0.148246038688749,0.0801821054247682,0.985694649464399]],"fy":3222.70107975924,"fx":3222.70107975924},{"id":70,"img_name":"DSCF5603","width":3118,"height":2078,"position":[-0.616805509587434,1.94572235562694,-2.84362217170975],"rotation":[[0.968935897440788,-0.151438175671511,0.195524181624421],[0.168382205647918,0.983010009875502,-0.0730667729252362],[-0.181137128915519,0.10371981215684,0.977973180150863]],"fy":3222.70107975924,"fx":3222.70107975924},{"id":71,"img_name":"DSCF5604","width":3118,"height":2078,"position":[-0.716438674438263,2.17327860010909,-2.7037856715944],"rotation":[[0.967030161847892,-0.150273947995702,0.205597681480666],[0.181438148588391,0.973072114141557,-0.142164900439239],[-0.178697689725574,0.174781009362764,0.968255510933388]],"fy":3222.70107975924,"fx":3222.70107975924},{"id":72,"img_name":"DSCF5606","width":3118,"height":2078,"position":[-0.647521094955659,2.61772834167819,-2.72114457552533],"rotation":[[0.975749917994972,-0.101282383280131,0.194046325319245],[0.14997562506863,0.955066551132028,-0.255646620932189],[-0.15943465563697,0.278549388342299,0.947095997687696]],"fy":3222.70107975924,"fx":3222.70107975924},{"id":73,"img_name":"DSCF5607","width":3118,"height":2078,"position":[-0.598401606377466,2.90530387882633,-2.72354018753465],"rotation":[[0.983928608608501,-0.0857916919336619,0.156602294864728],[0.129143121111079,0.947568169831521,-0.292295428961577],[-0.123314830541297,0.307821943852778,0.943418837765745]],"fy":3222.70107975924,"fx":3222.70107975924},{"id":74,"img_name":"DSCF5608","width":3118,"height":2078,"position":[-0.554812600057258,3.16294718457657,-2.66756465071891],"rotation":[[0.985782826410744,-0.0808434937297616,0.14729748360108],[0.128787066179442,0.926583101224291,-0.35335201727239],[-0.107917147564864,0.367298361073313,0.923821304806466]],"fy":3222.70107975924,"fx":3222.70107975924},{"id":75,"img_name":"DSCF5609","width":3118,"height":2078,"position":[-0.53414499086086,3.44116152371384,-2.55024956588677],"rotation":[[0.99080679750297,-0.0660671755356011,0.118055149564333],[0.108002764857372,0.911804397205241,-0.396166813375819],[-0.0814695820848013,0.40527505419645,0.910557432368212]],"fy":3222.70107975924,"fx":3222.70107975924},{"id":76,"img_name":"DSCF5610","width":3118,"height":2078,"position":[-0.402624707447341,3.65522548358233,-2.48141246222599],"rotation":[[0.996627709466376,-0.0497565215689602,0.0652495002675359],[0.0739136310286051,0.889704856767195,-0.450513088592365],[-0.0356368330800142,0.453816655056006,0.890382198677515]],"fy":3222.70107975924,"fx":3222.70107975924},{"id":77,"img_name":"DSCF5611","width":3118,"height":2078,"position":[-0.107489810136429,3.73461305954277,-2.43955442018737],"rotation":[[0.999119041592096,-0.0400243305252702,-0.0126171983457072],[0.0295518711636446,0.884483217972487,-0.465635183416978],[0.0297964366798841,0.464852116367172,0.884886818904058]],"fy":3222.70107975924,"fx":3222.70107975924},{"id":78,"img_name":"DSCF5612","width":3118,"height":2078,"position":[0.151247676394544,3.66699781413135,-2.46560676715522],"rotation":[[0.996428068253431,-0.034355124879817,-0.0771416242454624],[-0.00407340235986608,0.892886330853884,-0.450263708916789],[0.0843475677773258,0.448969626554826,0.889557059575871]],"fy":3222.70107975924,"fx":3222.70107975924},{"id":79,"img_name":"DSCF5614","width":3118,"height":2078,"position":[0.435436647954135,3.30562808142142,-2.74126243752973],"rotation":[[0.995313976089979,-0.0114778495789897,-0.0960122282264002],[-0.0254814740673433,0.926699810301711,-0.374937536219205],[0.0932779903262907,0.375627103063416,0.92206480030683]],"fy":3222.70107975924,"fx":3222.70107975924},{"id":80,"img_name":"DSCF5615","width":3118,"height":2078,"position":[0.46224438637188,3.11552063962467,-2.85191554978671],"rotation":[[0.996175480508038,-0.0168942696699413,-0.0857262835243653],[-0.0103670891227865,0.951344893801299,-0.307953594720561],[0.0867579131705043,0.307664552216394,0.947531312312044]],"fy":3222.70107975924,"fx":3222.70107975924},{"id":81,"img_name":"DSCF5616","width":3118,"height":2078,"position":[0.373260049178952,2.84174789315951,-2.91416910448459],"rotation":[[0.997803385735861,-0.0270432177228325,-0.0604736950189735],[0.00973177352709414,0.962814366627377,-0.269988496051109],[0.0655263000486804,0.268806919165258,0.960962613326248]],"fy":3222.70107975924,"fx":3222.70107975924},{"id":82,"img_name":"DSCF5617","width":3118,"height":2078,"position":[0.293715640883065,2.61317001539954,-2.88842153598754],"rotation":[[0.999596106934586,-0.0149419960173065,-0.0241735342107765],[0.00973019660011792,0.979155712892178,-0.202877828223625],[0.0267010538245935,0.202560674035288,0.978905627248626]],"fy":3222.70107975924,"fx":3222.70107975924},{"id":83,"img_name":"DSCF5618","width":3118,"height":2078,"position":[0.220760436372241,2.35740023332999,-2.9259255927457],"rotation":[[0.999703994795482,-0.0240759915608681,-0.0035027732322318],[0.0233159157560924,0.989198217076778,-0.144717847567531],[0.00694916271289082,0.144593339965869,0.9894667630472]],"fy":3222.70107975924,"fx":3222.70107975924},{"id":84,"img_name":"DSCF5619","width":3118,"height":2078,"position":[0.14406718208063,2.1134467162882,-2.9835549580142],"rotation":[[0.999776659350376,-0.0194483406901277,0.00827003401457971],[0.0201543880112285,0.995155862937585,-0.0962216665041865],[-0.00635862108435699,0.0963668537690774,0.995325573585123]],"fy":3222.70107975924,"fx":3222.70107975924},{"id":85,"img_name":"DSCF5620","width":3118,"height":2078,"position":[0.13204927080262,1.91134276366898,-3.08362916579049],"rotation":[[0.999938628107692,0.0032004660981671,-0.010606461938939],[-0.00365507266656837,0.999063091526915,-0.0431228430473339],[0.0104585114576494,0.0431589639059763,0.999013475070608]],"fy":3222.70107975924,"fx":3222.70107975924},{"id":86,"img_name":"DSCF5622","width":3118,"height":2078,"position":[0.313545561719774,1.498133639791,-3.14112242869164],"rotation":[[0.997459221529753,0.0598085951286532,-0.0387044355855614],[-0.0592359370040946,0.998119309329815,0.0157780895618079],[0.0395753098851667,-0.0134453074234222,0.999126127451276]],"fy":3222.70107975924,"fx":3222.70107975924},{"id":87,"img_name":"DSCF5623","width":3118,"height":2078,"position":[0.478634374120908,1.33791022655455,-3.1102125436266],"rotation":[[0.987513274219934,0.114074481518671,-0.108648727124027],[-0.110314773702633,0.993090343804303,0.0400277372029616],[0.112464145141293,-0.0275423620791456,0.993273997620364]],"fy":3222.70107975924,"fx":3222.70107975924},{"id":88,"img_name":"DSCF5624","width":3118,"height":2078,"position":[0.824481394728972,1.46030387628469,-3.03683143342767],"rotation":[[0.97813719153634,0.132749026745919,-0.160079138026828],[-0.135097991130663,0.990824834514016,-0.00383146221854199],[0.158101762564053,0.0253740656632748,0.987096747773923]],"fy":3222.70107975924,"fx":3222.70107975924},{"id":89,"img_name":"DSCF5625","width":3118,"height":2078,"position":[1.03921726327438,1.64335954678769,-2.97208459177442],"rotation":[[0.967742625148745,0.129537528220506,-0.21608850097295],[-0.143698833318392,0.988301470972308,-0.0510964556197847],[0.206941674809952,0.08049988358062,0.975035851633343]],"fy":3222.70107975924,"fx":3222.70107975924},{"id":90,"img_name":"DSCF5626","width":3118,"height":2078,"position":[1.1751763324466,1.88181295609507,-2.91425860926153],"rotation":[[0.966236588395606,0.123275484259531,-0.226252094412845],[-0.149167762519163,0.983629984755323,-0.10109911827148],[0.210085301415039,0.131435185817277,0.968808008874065]],"fy":3222.70107975924,"fx":3222.70107975924},{"id":91,"img_name":"DSCF5627","width":3118,"height":2078,"position":[1.24193178841038,2.07964341055929,-2.87078634380292],"rotation":[[0.969219973503654,0.103564909907986,-0.223353872581891],[-0.142847441543755,0.97545613201964,-0.167570710297731],[0.200517459105137,0.194318408651969,0.960225548844117]],"fy":3222.70107975924,"fx":3222.70107975924},{"id":92,"img_name":"DSCF5628","width":3118,"height":2078,"position":[1.21614812202358,2.32409987237067,-2.8424867978162],"rotation":[[0.977975287539444,0.0859851416949801,-0.190186467367782],[-0.123822067557913,0.97254925101368,-0.19701789243217],[0.168025094994248,0.21622791161278,0.961775991430307]],"fy":3222.70107975924,"fx":3222.70107975924},{"id":93,"img_name":"DSCF5630","width":3118,"height":2078,"position":[1.23507997481463,2.7893159014781,-2.6414695694024],"rotation":[[0.972826020158656,0.0617281315336802,-0.223157281484675],[-0.126324763093462,0.949222419762404,-0.28812992217017],[0.194040172983974,0.308490576189562,0.931226060455023]],"fy":3222.70107975924,"fx":3222.70107975924},{"id":94,"img_name":"DSCF5631","width":3118,"height":2078,"position":[1.31775173035249,2.93066628394855,-2.48706752779287],"rotation":[[0.965132619016398,0.0604212304031367,-0.254692564923123],[-0.146989629458076,0.930202578225282,-0.336329023866235],[0.216594267104015,0.362039277399025,0.906650144806731]],"fy":3222.70107975924,"fx":3222.70107975924},{"id":95,"img_name":"DSCF5632","width":3118,"height":2078,"position":[1.4018081989188,3.12952984147272,-2.28276432716518],"rotation":[[0.955642058436102,0.067215250778266,-0.286758376008138],[-0.169664251635522,0.921474185229015,-0.349427199389918],[0.240753604053954,0.382579973364182,0.892003512389774]],"fy":3222.70107975924,"fx":3222.70107975924},{"id":96,"img_name":"DSCF5633","width":3118,"height":2078,"position":[1.54680470331807,3.29022511664142,-2.10929303273003],"rotation":[[0.948428864106194,0.0552343765503238,-0.312140758917082],[-0.184386701053678,0.897102858037186,-0.401507168772929],[0.257845368786752,0.438355592810915,0.8610227291115]],"fy":3222.70107975924,"fx":3222.70107975924},{"id":97,"img_name":"DSCF5634","width":3118,"height":2078,"position":[1.80987503244796,3.31415205291125,-1.93297400923484],"rotation":[[0.918792981305602,0.0617602979496237,-0.389878343975062],[-0.227804750466803,0.889574893490389,-0.395931186617472],[0.322373158262782,0.452594934205782,0.831404457747818]],"fy":3222.70107975924,"fx":3222.70107975924},{"id":98,"img_name":"DSCF5635","width":3118,"height":2078,"position":[2.09918448526359,3.15175559524678,-1.83727144208338],"rotation":[[0.900182839411394,0.0957364791361279,-0.424859249860301],[-0.268852906320865,0.889622304122744,-0.369175122089997],[0.342620738415035,0.446549753745266,0.826561762385594]],"fy":3222.70107975924,"fx":3222.70107975924},{"id":99,"img_name":"DSCF5636","width":3118,"height":2078,"position":[2.22102903956051,2.91686043291577,-1.88569900256828],"rotation":[[0.884983960301732,0.131414012762332,-0.446692004918784],[-0.290563801462858,0.9054962132852,-0.309272185955377],[0.363835219966559,0.403493450970231,0.83953377998507]],"fy":3222.70107975924,"fx":3222.70107975924},{"id":100,"img_name":"DSCF5638","width":3118,"height":2078,"position":[2.14273977064685,2.35082156729829,-2.14973082089446],"rotation":[[0.867775504915636,0.201633365308565,-0.454213230831904],[-0.313048454378862,0.931642526957437,-0.184507092479849],[0.385961576169726,0.302301485207574,0.871577577592423]],"fy":3222.70107975924,"fx":3222.70107975924},{"id":101,"img_name":"DSCF5639","width":3118,"height":2078,"position":[2.09909504779753,2.12453576294877,-2.24225347637396],"rotation":[[0.868308037167956,0.230976910953752,-0.43896562416184],[-0.316793102536105,0.93920160909803,-0.132447980932969],[0.381684795053563,0.254066928335692,0.888688197936141]],"fy":3222.70107975924,"fx":3222.70107975924},{"id":102,"img_name":"DSCF5640","width":3118,"height":2078,"position":[1.97357259072046,1.89896436517343,-2.28312314260404],"rotation":[[0.887682524696696,0.244397895675213,-0.390242750012895],[-0.303565898986075,0.947870844256443,-0.0968948274231099],[0.346218832995658,0.20447623626746,0.915599251026899]],"fy":3222.70107975924,"fx":3222.70107975924},{"id":103,"img_name":"DSCF5641","width":3118,"height":2078,"position":[1.88971814009794,1.6922074476115,-2.28380011053198],"rotation":[[0.897086779408443,0.248055913545874,-0.365654993081607],[-0.287061363039315,0.956301649666292,-0.0555241271479295],[0.335903385009141,0.154775381118738,0.929092835694555]],"fy":3222.70107975924,"fx":3222.70107975924},{"id":104,"img_name":"DSCF5642","width":3118,"height":2078,"position":[1.83364362469105,1.45496223950458,-2.26761813053694],"rotation":[[0.878846715288815,0.294956619912016,-0.3750053911561],[-0.31663501197557,0.948538971126293,0.00401116515533539],[0.356890347610147,0.115214637198368,0.92701395197589]],"fy":3222.70107975924,"fx":3222.70107975924},{"id":105,"img_name":"DSCF5643","width":3118,"height":2078,"position":[1.83741862641962,1.22360570055415,-2.24693572985868],"rotation":[[0.858889388207438,0.357205009883267,-0.367033513100572],[-0.354911811445902,0.931780588097852,0.0763055813175587],[0.369251438617159,0.0647264749412265,0.927072736370152]],"fy":3222.70107975924,"fx":3222.70107975924},{"id":106,"img_name":"DSCF5644","width":3118,"height":2078,"position":[1.87892845554066,1.03460308478875,-2.26657915069079],"rotation":[[0.836635476359405,0.403606514085744,-0.370328045770808],[-0.381184015096385,0.914511009876108,0.135529920867611],[0.393369834039,0.0277739914836882,0.918960705941878]],"fy":3222.70107975924,"fx":3222.70107975924},{"id":107,"img_name":"DSCF5646","width":3118,"height":2078,"position":[2.11898413420463,0.767143245616588,-2.1252094728064],"rotation":[[0.75894718029135,0.459864353274499,-0.461003204018406],[-0.438517766410068,0.884326887574626,0.160212747480655],[0.481353660078049,0.0805650823868629,0.872816086830132]],"fy":3222.70107975924,"fx":3222.70107975924},{"id":108,"img_name":"DSCF5647","width":3118,"height":2078,"position":[2.30390910455365,0.851137243171762,-2.00064029725084],"rotation":[[0.739014304648193,0.431609192321489,-0.517273005896248],[-0.441907995718558,0.890120449825094,0.111368344349632],[0.508502881845674,0.146284277715561,0.848543298393123]],"fy":3222.70107975924,"fx":3222.70107975924},{"id":109,"img_name":"DSCF5648","width":3118,"height":2078,"position":[2.40566272464743,1.05844018763646,-1.86992311997945],"rotation":[[0.716688588495847,0.432836713476218,-0.546817928187196],[-0.449904123783499,0.886063922182872,0.111700515703858],[0.532863722280315,0.165961155916113,0.829766924024183]],"fy":3222.70107975924,"fx":3222.70107975924},{"id":110,"img_name":"DSCF5649","width":3118,"height":2078,"position":[2.51847756068417,1.17721603070215,-1.75887034964694],"rotation":[[0.712150099157842,0.39924815599893,-0.577445362091453],[-0.450234424441917,0.8908467550455,0.0606714271495218],[0.538638282446515,0.21677861738732,0.814171868665769]],"fy":3222.70107975924,"fx":3222.70107975924},{"id":111,"img_name":"DSCF5650","width":3118,"height":2078,"position":[2.60077721448709,1.30463008254437,-1.7094545413619],"rotation":[[0.70056486553077,0.356139959644817,-0.618363322269394],[-0.451506740889649,0.892264578614775,0.00236319288377217],[0.552585316593792,0.277539638418707,0.785888807014931]],"fy":3222.70107975924,"fx":3222.70107975924},{"id":112,"img_name":"DSCF5651","width":3118,"height":2078,"position":[2.67346668220729,1.48007845090951,-1.606102784491],"rotation":[[0.694720362698721,0.342478959045718,-0.63251227676838],[-0.44780982247391,0.894095353702324,-0.00773701388144295],[0.562876523358048,0.288620271462138,0.774511690262631]],"fy":3222.70107975924,"fx":3222.70107975924},{"id":113,"img_name":"DSCF5652","width":3118,"height":2078,"position":[2.7520398201339,1.65428297318909,-